0.15 3.4381052080020464
0.2 2.564272258324591
0.25 2.069133275476467
0.30000000000000004 1.7484082366075029
0.3500000000000001 1.5255703018816773
0.40000000000000013 1.364124344694416
0.45000000000000007 1.2443467296936217
0.5000000000000001 1.1547828637353845
0.5500000000000002 1.0885683687326098
0.6000000000000002 1.0417006752302411
0.6500000000000002 1.0122570915749498
0.7000000000000002 1.000217412493419
0.7500000000000002 1.0079185472845162
0.8000000000000003 1.0416772736258966
0.8500000000000002 1.1166651928714233
0.9000000000000002 2.3055941459690317
0.9500000000000003 2.328292562952047
